SKUƒR[ƒh,ÝŒÉ”—Ê
160510000354419,4
