SKUÉRÅ[Éh,ç›å…êîó 
182512071860068,2
182512071860019,11
184550061590075,3
