SKUƒR[ƒh,ÝŒÉ”—Ê
284510001380005,1
