SKUƒR[ƒh,ÝŒÉ”—Ê
210510001213602,0
260510030259355,1
