SKUƒR[ƒh,ÝŒÉ”—Ê
331510011174478,1
