SKUƒR[ƒh,ÝŒÉ”—Ê
330510320813478,2
