SKUƒR[ƒh,ÝŒÉ”—Ê
330510220814802,1
330510250814812,2
